0, 12.9365675449
1, 10.3026051521
2, 8.26075339317
3, 11.7364313602
4, 10.8984279633
5, 9.59979748726
6, 9.41296315193
7, 8.39265155792
8, 8.47409343719
9, 8.89919638634
10, 8.71296215057
11, 8.6331205368
12, 8.45282173157
13, 9.29772424698
14, 8.6171913147
15, 8.32222294807
16, 8.21394371986
17, 9.16685390472
18, 12.5167739391
19, 10.8430924416
20, 10.6999573708
21, 8.74834990501
22, 8.24414944649
23, 10.6183800697
24, 10.9331982136
25, 12.1128718853
26, 12.7685368061
27, 10.3477935791
28, 11.5906920433
29, 9.47155117989
30, 12.4507808685
31, 11.1862723827
32, 8.28671360016
33, 9.77364993095
34, 13.494093895
35, 10.3100380898
36, 11.3762946129
37, 9.53306484222
38, 8.9474260807
39, 9.19704008102
40, 13.3310265541
41, 11.9501259327
42, 12.9201200008
43, 8.22872829437
44, 8.53457379341
45, 9.59686875343
46, 9.58031630516
47, 9.58732390404
48, 11.7959337234
49, 10.1027114391
50, 8.68447136879
51, 9.25216722488
52, 10.1445021629
53, 10.3901648521
54, 10.6781928539
55, 9.31588840485
56, 9.16422152519
57, 8.64459872246
58, 10.7597668171
59, 10.4665043354
60, 11.0586948395
61, 9.34613966942
62, 8.76816058159
63, 10.3293390274
64, 16.6458909512
65, 11.8303613663
66, 8.8209002018
67, 8.26892995834
68, 11.6542749405
69, 12.1651299
70, 9.69923591614
71, 11.9264457226
72, 8.53715658188
73, 8.70342898369
74, 9.7577559948
75, 11.0395874977
76, 11.1782073975
77, 9.68955183029
78, 9.14181447029
79, 8.38155531883
80, 8.3007671833
81, 9.65200614929
82, 9.75226283073
83, 14.3041427135
84, 11.7210218906
85, 9.44459843636
86, 9.64557290077
87, 9.10596036911
88, 15.2713525295
89, 9.21979427338
90, 9.29594779015
91, 8.50473690033
92, 8.68749284744
93, 9.17366957664
94, 9.54840183258
95, 10.7410371304
96, 8.66861701012
97, 9.34125447273
98, 8.40682888031
99, 8.40947318077
100, 9.30434966087
