0, 9.10165834427
1, 10.2841312885
2, 8.8765976429
3, 9.8672683239
4, 10.5262238979
5, 10.1165616512
6, 12.2644212246
7, 11.4265468121
8, 8.54002451897
9, 8.98867607117
10, 9.40053772926
11, 10.7705721855
12, 9.74878454208
13, 10.1685333252
14, 10.599206686
15, 11.5530757904
16, 11.0265631676
17, 9.38440918922
18, 11.2371218204
19, 8.77468562126
20, 9.44563174248
21, 11.1408889294
22, 10.2329945564
23, 9.66397237778
24, 8.60469889641
25, 10.1526441574
26, 8.34489440918
27, 9.30680418015
28, 11.4500012398
29, 11.9724676609
30, 11.1276254654
31, 8.37807154655
32, 10.2048821449
33, 8.74932098389
34, 8.575527668
35, 8.99583268166
36, 8.89124250412
37, 10.759806633
38, 10.3371977806
39, 8.16839241982
40, 8.48714900017
41, 10.1031322479
42, 10.8205406666
43, 10.3169829845
44, 8.52653050423
45, 8.86047816277
46, 8.43279886246
47, 9.13906002045
48, 10.4784314632
49, 13.5983662605
50, 8.97758603096
51, 10.0448944569
52, 10.1384077072
53, 11.9521460533
54, 9.98696827888
55, 9.06150150299
56, 8.19988751411
57, 9.31193375587
58, 10.7633719444
59, 10.1809878349
60, 9.96451449394
61, 12.5659897327
62, 9.60711836815
63, 10.24010849
64, 11.3971865177
65, 10.489007473
66, 11.9020440578
67, 9.37945008278
68, 8.18824148178
69, 8.59704494476
70, 8.85528874397
71, 10.9410755634
72, 12.7864191532
73, 9.70150327682
74, 8.97692370415
75, 8.3225133419
76, 10.4873611927
77, 10.6798021793
78, 9.21612882614
79, 9.6210372448
80, 9.16848039627
81, 8.32132530212
82, 8.35007238388
83, 9.73088479042
84, 9.20857191086
85, 9.45658731461
86, 8.64439606667
87, 8.50431203842
88, 8.16833591461
89, 8.69612240791
90, 9.11784005165
91, 11.5113523006
92, 10.3968997002
93, 8.76902794838
94, 9.11731672287
95, 12.0488321781
96, 9.38859057426
97, 8.66441130638
98, 8.42969560623
99, 8.38017725945
100, 9.18734931946
