0, 4.98971509933
1, 4.92624330521
2, 4.88489699364
3, 5.12933826447
4, 5.46857786179
5, 5.98278188705
6, 5.42609715462
7, 5.83374023438
8, 4.86956143379
9, 5.03707003593
10, 4.85316181183
11, 5.16144514084
12, 5.30676651001
13, 5.8703622818
14, 4.85322999954
15, 6.21358108521
16, 5.7459294796
17, 5.14663052559
18, 6.10830116272
19, 6.08100175858
20, 4.85371422768
21, 5.74261713028
22, 5.33266782761
23, 5.22160482407
24, 4.8609995842
25, 4.87668251991
26, 5.11808180809
27, 5.09007453918
28, 5.05636501312
29, 5.27908301353
30, 5.10461568832
31, 5.19284248352
32, 5.5306892395
33, 5.15937876701
34, 5.33154082298
35, 5.72930860519
36, 6.00896453857
37, 5.71012067795
38, 5.90146589279
39, 5.87042474747
40, 5.31094574928
41, 4.88910722733
42, 5.03411984444
43, 5.08195447922
44, 5.23390340805
45, 5.64449834824
46, 5.45474123955
47, 6.05497694016
48, 5.35668611526
49, 5.41256260872
50, 6.32180094719
51, 5.85147953033
52, 5.71123671532
53, 5.35815262794
54, 4.93866729736
55, 5.12800264359
56, 6.0198302269
57, 5.51489090919
58, 5.14902257919
59, 5.7340734005
60, 5.89423966408
61, 5.5402340889
62, 5.57731604576
63, 5.49719548225
64, 5.55128860474
65, 4.88687968254
66, 4.85193896294
67, 5.91096377373
68, 5.29254865646
69, 6.63149809837
70, 5.55395913124
71, 6.10202670097
72, 5.26726603508
73, 6.05810213089
74, 5.59134984016
75, 5.86993694305
76, 5.16297221184
77, 6.32498216629
78, 6.49635577202
79, 6.31413960457
80, 5.50821709633
81, 6.44421553612
82, 5.50582242012
83, 5.31012201309
84, 5.19278359413
85, 5.50550293922
86, 5.02116036415
87, 5.83167672157
88, 6.12793016434
89, 4.91710948944
90, 6.26992845535
91, 5.72673010826
92, 6.29593539238
93, 6.26170539856
94, 6.74949622154
95, 5.14147734642
96, 4.96692466736
97, 5.88574266434
98, 6.10807061195
99, 5.58106160164
100, 5.93388915062
