0, 10.862606287
1, 10.0877718925
2, 10.9009232521
3, 10.7543530464
4, 10.3023090363
5, 12.0822029114
6, 9.42748904228
7, 10.2012214661
8, 10.5344541073
9, 9.37183117867
10, 10.6606938839
11, 9.39870500565
12, 11.1751186848
13, 9.68180847168
14, 11.0656218529
15, 9.72263336182
16, 9.24527215958
17, 9.65258026123
18, 9.66824483871
19, 10.8508114815
20, 10.3748950958
21, 9.14272665977
22, 8.98163342476
23, 9.89303541183
24, 10.8785450459
25, 10.2975780964
26, 9.61480021477
27, 8.86213850975
28, 8.88181042671
29, 9.07818436623
30, 10.2985832691
31, 9.89571785927
32, 11.8262546062
33, 9.86690926552
34, 9.29863715172
35, 9.36038899422
36, 10.4912800789
37, 10.6574749947
38, 9.51399254799
39, 9.43169999123
40, 10.1731433868
41, 10.339495182
42, 9.90616440773
43, 10.9425668716
44, 9.93221020699
45, 9.23356151581
46, 8.90591907501
47, 10.0390913486
48, 12.0699028969
49, 10.271538496
50, 9.98621749878
51, 9.49016952515
52, 9.42071199417
53, 9.6782104969
54, 9.17484021187
55, 10.0347015858
56, 10.7866046429
57, 10.7976231575
58, 9.92641639709
59, 11.0495736599
60, 11.1739237309
61, 10.871083498
62, 8.83389139175
63, 9.12630176544
64, 8.85675144196
65, 9.13858413696
66, 10.5607104301
67, 10.0185751915
68, 9.59466433525
69, 10.3607745171
70, 9.16746377945
71, 10.44622612
72, 9.30384683609
73, 9.8418109417
74, 10.3868098259
75, 10.3105838299
76, 10.8740115166
77, 9.6428592205
78, 10.5147249699
79, 12.2534968853
80, 11.0216200352
81, 9.14711642265
82, 9.46587085724
83, 9.54715561867
84, 9.94333648682
85, 10.004761219
86, 9.38254618645
87, 10.5942261219
88, 10.3865191936
89, 10.5903663635
90, 9.86284470558
91, 9.98270368576
92, 9.27997684479
93, 9.598269701
94, 9.76886487007
95, 12.2067670822
96, 12.2468147278
97, 11.5976700783
98, 9.3244407177
99, 9.24650096893
100, 10.9380497932
