0, 5.78434801102
1, 6.10863995552
2, 6.67198705673
3, 5.12156820297
4, 5.14489841461
5, 5.04089856148
6, 4.86188411713
7, 4.98088359833
8, 4.87416100502
9, 4.88142609596
10, 5.79311084747
11, 4.85559844971
12, 5.34679579735
13, 5.03659486771
14, 6.15827512741
15, 5.53977704048
16, 5.29071640968
17, 5.12489485741
18, 5.03425765038
19, 4.85070347786
20, 5.60477185249
21, 5.20527815819
22, 5.84453225136
23, 5.99662733078
24, 5.65793633461
25, 5.27547693253
26, 5.56719279289
27, 5.4630408287
28, 4.92532300949
29, 4.85706090927
30, 5.93837809563
31, 5.79096865654
32, 6.39348077774
33, 5.35724592209
34, 6.14938282967
35, 5.59809112549
36, 5.8652973175
37, 4.84934067726
38, 5.30162477493
39, 5.01688575745
40, 5.55123972893
41, 5.55162644386
42, 5.99125862122
43, 5.5258603096
44, 5.45464324951
45, 6.4094414711
46, 5.93906474113
47, 5.802495718
48, 5.1329767704
49, 5.36901283264
50, 5.48636007309
51, 4.93402910233
52, 5.01911497116
53, 5.9223139286
54, 4.93930745125
55, 5.24906396866
56, 6.10284161568
57, 5.50279831886
58, 6.29730224609
59, 5.01158213615
60, 5.18999481201
61, 5.41232013702
62, 5.62607431412
63, 5.77864646912
64, 5.03304123878
65, 5.92099618912
66, 6.33702540398
67, 5.08577466011
68, 5.46946549416
69, 4.86181616783
70, 4.8529586792
71, 5.78242373466
72, 5.14814186096
73, 5.28647375107
74, 4.8948559761
75, 5.3492410183
76, 4.87171339989
77, 5.17826986313
78, 4.90604829788
79, 5.77400684357
80, 6.35871338844
81, 5.48712325096
82, 5.33356308937
83, 4.90965843201
84, 4.86873006821
85, 5.51057624817
86, 5.64618730545
87, 5.66608715057
88, 5.2238714695
89, 5.09700584412
90, 5.99996805191
91, 5.08875513077
92, 5.55128765106
93, 5.02456855774
94, 4.89257454872
95, 5.52661752701
96, 6.32862734795
97, 5.13705801964
98, 6.16266083717
99, 5.57305908203
100, 5.61783504486
