0, 8.46865415573
1, 10.2836694717
2, 8.7773463726
3, 9.09709644318
4, 12.8694036007
5, 9.41682267189
6, 9.02412962914
7, 8.73343205452
8, 8.37695455551
9, 10.0325262547
10, 11.2199220657
11, 9.7875494957
12, 8.86019730568
13, 8.56237745285
14, 8.43701076508
15, 11.0365490913
16, 8.64423751831
17, 11.1301906109
18, 9.50616812706
19, 8.30046248436
20, 9.66021537781
21, 12.0032179356
22, 11.9862353802
23, 11.9851160049
24, 8.26584124565
25, 9.89615106583
26, 9.6912894249
27, 9.41034793854
28, 10.561964035
29, 10.135042429
30, 9.47570419312
31, 9.33427643776
32, 9.13686323166
33, 9.77412319183
34, 8.70912265778
35, 10.5550031662
36, 10.4809880257
37, 9.79888486862
38, 9.0370016098
39, 9.42779040337
40, 8.34218645096
41, 9.1686501503
42, 10.1890952587
43, 9.81454730034
44, 8.72034788132
45, 9.28480696678
46, 10.6084878445
47, 11.6546299458
48, 10.9679980278
49, 9.68249702454
50, 9.42821407318
51, 9.39689493179
52, 10.7290863991
53, 10.4836039543
54, 9.72269773483
55, 8.21702885628
56, 10.1442620754
57, 10.3019697666
58, 11.7564907074
59, 9.07156968117
60, 9.57957911491
61, 10.9995918274
62, 8.63121938705
63, 10.4777262211
64, 11.508382082
65, 11.7111308575
66, 9.52353477478
67, 8.76763510704
68, 9.13056373596
69, 9.46413040161
70, 12.2227318287
71, 10.1165664196
72, 9.11260485649
73, 8.808334589
74, 8.94406056404
75, 8.7279586792
76, 8.47610664368
77, 10.880730629
78, 10.8158624172
79, 10.6860978603
80, 9.47612142563
81, 9.09294223785
82, 9.50099253654
83, 10.5772733688
84, 13.6339046955
85, 8.30505204201
86, 8.63643097878
87, 8.67321801186
88, 8.6809027195
89, 8.71394133568
90, 11.889020443
91, 8.7039334774
92, 10.8534963131
93, 11.1088891029
94, 13.0413751602
95, 12.2047774792
96, 9.30593252182
97, 8.76105856895
98, 9.34342956543
99, 9.02901792526
100, 9.72733330727
