0, 11.5802214146
1, 9.28958106041
2, 9.36585140228
3, 10.7029528618
4, 9.5498149395
5, 9.34541749954
6, 9.42686605453
7, 9.83051466942
8, 9.19229912758
9, 9.66611003876
10, 9.33403539658
11, 9.89521121979
12, 9.51025772095
13, 9.03432416916
14, 9.47069859505
15, 8.67813396454
16, 8.74677038193
17, 9.86232066154
18, 9.67865037918
19, 9.4350104332
20, 10.5102243423
21, 10.5784871578
22, 10.3424937725
23, 10.1857016087
24, 8.9263021946
25, 10.4553260803
26, 9.76180791855
27, 8.8825070858
28, 8.68255114555
29, 9.9147541523
30, 10.7018561363
31, 10.4261834621
32, 8.78251075745
33, 9.24608325958
34, 9.00462985039
35, 9.56622600555
36, 9.84253931046
37, 9.13041567802
38, 8.95824170113
39, 9.61094379425
40, 9.2983520031
41, 9.14929866791
42, 9.21462368965
43, 8.9380133152
44, 9.8700492382
45, 8.84247565269
46, 9.17396044731
47, 8.91574287415
48, 9.18591094017
49, 10.7411935329
50, 10.0148098469
51, 9.55301189423
52, 10.4019172192
53, 9.48167562485
54, 9.13457155228
55, 9.60630226135
56, 10.278690815
57, 9.46208047867
58, 9.28197073936
59, 10.5345151424
60, 10.4505176544
61, 9.9225924015
62, 10.3219566345
63, 10.1746435165
64, 9.61012983322
65, 9.10270762444
66, 9.6626830101
67, 9.32955145836
68, 10.3269760609
69, 11.2941634655
70, 9.79530286789
71, 9.39077615738
72, 8.89506030083
73, 9.35355782509
74, 8.84217190742
75, 8.9744746685
76, 9.25852203369
77, 8.67833518982
78, 8.78988385201
79, 9.63461351395
80, 11.5595831871
81, 10.3076784611
82, 11.1223602295
83, 9.4498436451
84, 9.47132825851
85, 9.63064837456
86, 9.08684277534
87, 9.96829867363
88, 9.46783065796
89, 9.38267946243
90, 9.41749715805
91, 11.1259763241
92, 9.89381766319
93, 10.8183307648
94, 9.30996489525
95, 9.89089775085
96, 9.32282495499
97, 9.15851664543
98, 10.0590643883
99, 9.89149475098
100, 9.04137253761
