0, 9.80096554756
1, 9.47093486786
2, 10.4853916168
3, 10.8868248463
4, 10.0226938725
5, 10.5266394615
6, 10.0143768787
7, 8.92230153084
8, 9.03360104561
9, 9.51035451889
10, 8.76695775986
11, 10.7014446259
12, 10.1053869724
13, 9.85079145432
14, 9.12264275551
15, 8.86996459961
16, 9.44976329803
17, 9.75930190086
18, 9.64081692696
19, 9.66414999962
20, 8.61866593361
21, 9.2179107666
22, 10.2048053741
23, 10.3462064266
24, 9.72650623322
25, 9.56563973427
26, 9.71454143524
27, 9.85485887527
28, 10.2098710537
29, 9.19009613991
30, 10.4108297825
31, 8.83862400055
32, 9.20279598236
33, 9.11157298088
34, 10.9262368679
35, 9.52453541756
36, 8.64255189896
37, 9.62163972855
38, 9.33073759079
39, 9.39109492302
40, 10.0582227707
41, 10.6246860027
42, 9.98741292953
43, 10.0835781097
44, 9.34566140175
45, 9.52181506157
46, 8.68624830246
47, 10.6265628338
48, 8.70635128021
49, 10.558480978
50, 8.63001823425
51, 8.94671845436
52, 10.7205488682
53, 9.37892413139
54, 10.3183894157
55, 11.1056339741
56, 9.36284947395
57, 9.1789765358
58, 9.37262845039
59, 9.77715039253
60, 10.481379509
61, 9.63495349884
62, 8.99054336548
63, 9.23872637749
64, 10.2375915051
65, 9.28558063507
66, 10.6951580048
67, 10.7840874195
68, 9.15015482903
69, 9.93402385712
70, 11.5751593113
71, 10.6688444614
72, 11.5303292274
73, 9.55330681801
74, 8.98285627365
75, 9.78280496597
76, 9.23888397217
77, 9.78249049187
78, 9.66271543503
79, 9.59849762917
80, 8.8420279026
81, 9.83431458473
82, 9.27174282074
83, 9.52120089531
84, 11.3340930939
85, 12.0859472752
86, 8.99413871765
87, 8.71629238129
88, 10.4948232174
89, 11.3375270367
90, 10.3782920837
91, 9.80108737946
92, 8.77293324471
93, 9.63478779793
94, 9.02556824684
95, 9.18217992783
96, 9.44327616692
97, 12.8419024944
98, 9.4540708065
99, 8.8583650589
100, 10.2341382504
