0, 11.0343732834
1, 10.8887734413
2, 11.0984520912
3, 10.0811800957
4, 10.4629507065
5, 11.5253689289
6, 9.81051421165
7, 10.3516497612
8, 10.2344050407
9, 9.73200201988
10, 9.4455947876
11, 10.32188344
12, 9.9270837307
13, 10.6300985813
14, 9.05456233025
15, 9.92594623566
16, 13.0182845592
17, 11.4303636551
18, 11.6421592236
19, 10.1405653954
20, 8.97877788544
21, 9.50948596001
22, 10.9650144577
23, 11.4406237602
24, 10.5990219116
25, 10.5837378502
26, 10.7461476326
27, 14.3546125889
28, 10.2414660454
29, 11.251465559
30, 9.84069895744
31, 9.08175206184
32, 10.1189787388
33, 12.2774877548
34, 11.9551701546
35, 14.5695459843
36, 10.9420864582
37, 9.55422115326
38, 10.3842098713
39, 10.8056252003
40, 10.8651914597
41, 10.7250983715
42, 9.73151350021
43, 11.4509472847
44, 12.8750803471
45, 11.1661882401
46, 11.9577281475
47, 10.7619123459
48, 12.0591289997
49, 13.4733672142
50, 11.929756403
51, 12.2016859055
52, 10.6389040947
53, 9.97127175331
54, 13.0235388279
55, 13.1589324474
56, 12.1963756084
57, 9.51480746269
58, 9.59469342232
59, 11.1632249355
60, 11.6507105827
61, 10.0349843502
62, 10.9467484951
63, 10.1900887489
64, 10.0133500099
65, 10.6004261971
66, 11.4068555832
67, 10.9690065384
68, 9.30657815933
69, 10.9268350601
70, 10.2068424225
71, 10.8623986244
72, 9.60446929932
73, 11.8102352619
74, 10.7914330959
75, 10.6868867874
76, 11.0311992168
77, 11.7260451317
78, 11.8727896214
79, 10.8428003788
80, 8.66267871857
81, 11.1553616524
82, 10.7967777252
83, 12.4854865074
84, 10.9264609814
85, 9.58921813965
86, 9.93625760078
87, 10.5582122803
88, 11.2831795216
89, 10.6240074635
90, 10.1907362938
91, 8.66629481316
92, 9.0831758976
93, 9.96115088463
94, 9.39381623268
95, 10.4183573723
96, 11.3529622555
97, 9.52646827698
98, 9.95028090477
99, 10.3106520176
100, 11.4051456451
