0, 6.11128282547
1, 5.56359577179
2, 6.70416378975
3, 5.96814632416
4, 4.86821055412
5, 4.92476725578
6, 4.87643170357
7, 5.70860671997
8, 5.78268671036
9, 5.30445027351
10, 5.14068436623
11, 5.14546322823
12, 5.17423772812
13, 5.87275195122
14, 5.51691126823
15, 5.20703077316
16, 4.86225628853
17, 5.22497105598
18, 5.038387537
19, 5.40911889076
20, 6.29698085785
21, 7.30376195908
22, 5.80057311058
23, 5.79956293106
24, 6.0899643898
25, 5.14719247818
26, 6.33879756927
27, 4.8529882431
28, 5.60442256927
29, 6.32777166367
30, 5.98416423798
31, 6.23032808304
32, 6.11443090439
33, 5.31459331512
34, 5.70797419548
35, 5.85650062561
36, 5.91634559631
37, 5.25318145752
38, 5.67082190514
39, 6.58390951157
40, 6.08641552925
41, 6.21814846992
42, 6.85515809059
43, 5.4978787899
44, 5.450258255
45, 5.7461514473
46, 5.03748774529
47, 4.85418987274
48, 4.8486289978
49, 5.1012096405
50, 6.05789279938
51, 5.8555803299
52, 5.14818930626
53, 5.78890156746
54, 5.633644104
55, 6.2027566433
56, 6.18681383133
57, 4.90016698837
58, 4.87406992912
59, 5.41752266884
60, 5.20107388496
61, 5.38399910927
62, 5.68422746658
63, 5.13424634933
64, 5.28219914436
65, 5.14141130447
66, 5.68880963326
67, 5.05230307579
68, 4.97418904305
69, 4.87032842636
70, 4.86250853539
71, 5.1568775177
72, 4.95036482811
73, 5.1409509182
74, 5.03728866577
75, 5.09819436073
76, 5.34208488464
77, 5.27339935303
78, 5.36658358574
79, 5.38133358955
80, 6.04906797409
81, 4.86028456688
82, 5.03356933594
83, 5.21842241287
84, 6.26468229294
85, 5.06536912918
86, 4.86607909203
87, 5.40125703812
88, 5.24112153053
89, 6.34561181068
90, 6.12702989578
91, 4.88534355164
92, 5.49065899849
93, 5.36887359619
94, 5.66781973839
95, 5.21465611458
96, 6.36096835136
97, 5.56130170822
98, 5.52684473991
99, 5.73158860207
100, 6.47230315208
