0, 6.57030797005
1, 5.40025782585
2, 5.61991024017
3, 5.72800588608
4, 4.96225523949
5, 5.91655135155
6, 5.40120315552
7, 6.44151258469
8, 6.13583397865
9, 6.10427045822
10, 6.32644152641
11, 5.74874377251
12, 5.08271861076
13, 5.57306027412
14, 4.88900446892
15, 5.97820854187
16, 5.05135178566
17, 4.86492180824
18, 5.15036177635
19, 4.96215677261
20, 5.95247364044
21, 5.60279297829
22, 5.51118564606
23, 4.86964392662
24, 4.86136770248
25, 4.85062980652
26, 5.04099154472
27, 5.13376426697
28, 5.94908189774
29, 5.80348300934
30, 5.7457253933
31, 6.87604784966
32, 5.48086714745
33, 5.44648146629
34, 5.56004977226
35, 5.20030212402
36, 5.22504663467
37, 5.01734757423
38, 5.27334547043
39, 5.02900362015
40, 5.78753590584
41, 5.40448474884
42, 5.58130860329
43, 5.87916636467
44, 5.43231916428
45, 4.85048985481
46, 5.38661956787
47, 4.84654974937
48, 4.84570121765
49, 5.18274593353
50, 5.94367384911
51, 6.29534220695
52, 5.29560065269
53, 5.16463756561
54, 5.57209658623
55, 5.5360827446
56, 5.77040910721
57, 5.46754455566
58, 5.44859743118
59, 5.39063763618
60, 6.35448598862
61, 5.79734921455
62, 6.47538924217
63, 4.96704339981
64, 5.51318407059
65, 5.60554218292
66, 5.93355607986
67, 4.85883331299
68, 5.21217489243
69, 5.4873585701
70, 5.32015109062
71, 5.11350750923
72, 5.85306334496
73, 6.25007462502
74, 6.07345819473
75, 6.58957219124
76, 5.61786413193
77, 5.85244107246
78, 4.85737252235
79, 4.85834550858
80, 5.39694166183
81, 5.45949363708
82, 5.83582115173
83, 4.94858884811
84, 5.19474363327
85, 4.98226332664
86, 5.71925973892
87, 4.92688703537
88, 4.87976121902
89, 5.13354659081
90, 4.92529606819
91, 5.31256628036
92, 5.16656661034
93, 5.85363483429
94, 6.72843194008
95, 6.32686281204
96, 5.74016523361
97, 6.1373667717
98, 5.27074599266
99, 4.85390138626
100, 5.11439275742
