0, 9.77381944656
1, 10.3100476265
2, 10.7507133484
3, 9.08133339882
4, 10.9431130886
5, 9.28319454193
6, 8.51911258698
7, 8.62405014038
8, 10.5327150822
9, 8.74018406868
10, 12.1524333954
11, 11.1165573597
12, 8.4089179039
13, 9.45885968208
14, 9.72541737556
15, 11.4951398373
16, 13.1287176609
17, 10.4673504829
18, 9.00277256966
19, 9.12504982948
20, 9.22179150581
21, 11.2890837193
22, 11.0915384293
23, 10.1967203617
24, 9.47085189819
25, 11.279197216
26, 13.2461795807
27, 10.3507590294
28, 9.60887145996
29, 11.9882683754
30, 10.4840323925
31, 9.98627233505
32, 10.6230456829
33, 11.6863558292
34, 12.5422279835
35, 10.3347332478
36, 10.1535227299
37, 12.3367407322
38, 12.1983222961
39, 11.8576259613
40, 9.6142911911
41, 10.828109026
42, 10.2180635929
43, 11.0232694149
44, 12.5345053673
45, 10.8830087185
46, 9.28786063194
47, 13.5031118393
48, 12.984806776
49, 11.431681633
50, 11.0612339973
51, 9.15544342995
52, 9.92745733261
53, 11.8634912968
54, 11.297796011
55, 10.8709497452
56, 9.50215291977
57, 9.12796831131
58, 9.32590436935
59, 11.2744534016
60, 10.3405659199
61, 13.5838017464
62, 11.2540566921
63, 9.22739195824
64, 9.45468878746
65, 10.8119394779
66, 10.9997587204
67, 10.6731450558
68, 8.67098784447
69, 9.36773586273
70, 12.685477972
71, 11.6004183292
72, 13.4293549061
73, 9.90678429604
74, 8.93633651733
75, 10.45378232
76, 9.81284165382
77, 11.7077147961
78, 14.8691520691
79, 8.86029171944
80, 9.4765291214
81, 9.27538156509
82, 12.8323090076
83, 12.304558754
84, 11.5489339828
85, 9.30927324295
86, 9.60311412811
87, 10.4950225353
88, 11.9137513638
89, 10.2126429081
90, 10.7301151752
91, 9.51992321014
92, 10.7458028793
93, 9.89623212814
94, 9.85480237007
95, 11.2957201004
96, 9.13778042793
97, 10.1006762981
98, 11.3277537823
99, 12.6273980141
100, 14.6092193127
